0,387
0,386
0,385
0,384
0,319
0,318
34,5
34,4
34,3
34,2
34,1
34,0
33,4
33,3
33,2
0,317
0,316
33,1
33,0
32,3
32,2
32,1
32,0
31,4
31,3
31,2
31,1
31,0
30,3
30,2
30,1
30,0
29,3
29,2
29,1
29,0
28,3
28,2
28,1
28,0
27,4
27,3
27,2
27,1
27,0
26,3
26,2
26,1
26,0
25,4
25,3
25,2
0,283
0,243
25,1
25,0
24,4
24,3
24,2
0,9
24,1
24,0
23,35
3,2
3,1
3,3
10,34
10,112
10,136
10,2
10,3
11,15
11,11
11,13
11,7
11,17
11,2
11,3
9,5
9,2
9,3
8,7
8,5
8,10
8,8
8,2
8,3
12,2
12,1
12,3
20,2
20,1
20,3
19,2
19,1
19,3
11,27
11,26
11,25
11,24
11,23
11,22
11,21
11,20
11,19
11,1
11,18
10,300
10,299
10,298
10,297
10,296
10,295
10,294
10,293
10,292
10,291
10,290
10,289
10,288
10,287
10,286
10,285
